Z0
TrPr 0.01 0.025 0.05 0.075 0.1 0.25 0.5 0.6 0.7 0.8 0.9 1 1.1
TrPr 0.01 0.025 0.05 0.075 0.1 0.25 0.5 0.6 0.7 0.8 0.9 1 1.1
0.3 0.0029 0.0072 0.0145 0.0217 0.0290 0.0724 0.1447 0.1737 0.2026 0.2315 0.2604 0.2892 0.3181
0.35 0.0026 0.0065 0.0130 0.0196 0.0261 0.0652 0.1303 0.1564 0.1824 0.2084 0.2344 0.2604 0.2863
0.4 0.0024 0.0060 0.0119 0.0179 0.0239 0.0596 0.1191 0.1429 0.1667 0.1904 0.2142 0.2379 0.2616
0.45 0.0022 0.0055 0.0110 0.0166 0.0221 0.0552 0.1102 0.1322 0.1542 0.1762 0.1981 0.2200 0.2420
0.5 0.0021 0.0052 0.0103 0.0155 0.0207 0.0516 0.1031 0.1236 0.1441 0.1647 0.1851 0.2056 0.2261
0.55 0.9804 0.0049 0.0098 0.0146 0.0195 0.0487 0.0972 0.1166 0.1360 0.1553 0.1746 0.1939 0.2131
0.6 0.9849 0.9614 0.0093 0.0139 0.0186 0.0463 0.0925 0.1109 0.1293 0.1476 0.1660 0.1842 0.2025
0.65 0.9881 0.9697 0.9377 0.0134 0.0178 0.0445 0.0887 0.1063 0.1239 0.1415 0.1590 0.1765 0.1939
0.7 0.9904 0.9757 0.9504 0.9238 0.8958 0.0430 0.0857 0.1027 0.1197 0.1366 0.1535 0.1703 0.1871
0.75 0.9922 0.9802 0.9598 0.9386 0.9165 0.0420 0.0836 0.1001 0.1166 0.1330 0.1493 0.1656 0.1819
0.8 0.9935 0.9837 0.9669 0.9497 0.9319 0.8093 0.0823 0.0985 0.1147 0.1307 0.1467 0.1626 0.1784
0.85 0.9946 0.9864 0.9725 0.9582 0.9436 0.8465 0.0823 0.0983 0.1143 0.1301 0.1458 0.1614 0.1769
0.9 0.9954 0.9885 0.9768 0.9649 0.9528 0.8739 0.7019 0.1006 0.1164 0.1321 0.1476 0.1630 0.1783
0.93 0.9959 0.9896 0.9790 0.9683 0.9573 0.8871 0.7420 0.6635 0.1204 0.1359 0.1512 0.1664 0.1814
0.95 0.9961 0.9902 0.9803 0.9703 0.9600 0.8948 0.7637 0.6967 0.6107 0.1410 0.1557 0.1705 0.1852
0.97 0.9963 0.9908 0.9815 0.9721 0.9625 0.9018 0.7825 0.7240 0.6538 0.5580 0.1648 0.1779 0.1916
0.98 0.9965 0.9911 0.9821 0.9730 0.9637 0.9051 0.7910 0.7360 0.6714 0.5887 0.1748 0.1844 0.1966
0.99 0.9966 0.9914 0.9826 0.9738 0.9648 0.9082 0.7990 0.7471 0.6873 0.6138 0.5070 0.1959 0.2041
1 0.9967 0.9916 0.9832 0.9746 0.9659 0.9112 0.8065 0.7574 0.7017 0.6353 0.5477 0.2918 0.2167
1.01 0.9968 0.9919 0.9837 0.9754 0.9669 0.9141 0.8136 0.7671 0.7149 0.6542 0.5785 0.4648 0.2486
1.02 0.9969 0.9921 0.9842 0.9761 0.9679 0.9168 0.8204 0.7761 0.7271 0.6710 0.6038 0.5146 0.3597
1.03 0.9969 0.9924 0.9846 0.9768 0.9689 0.9194 0.8267 0.7846 0.7383 0.6863 0.6256 0.5501 0.4439
1.05 0.9971 0.9928 0.9855 0.9781 0.9707 0.9243 0.8385 0.8002 0.7586 0.7130 0.6618 0.6026 0.5312
1.1 0.9975 0.9937 0.9874 0.9811 0.9747 0.9350 0.8634 0.8323 0.7996 0.7649 0.7278 0.6880 0.6449
1.15 0.9978 0.9945 0.9891 0.9835 0.9780 0.9438 0.8833 0.8576 0.8309 0.8032 0.7744 0.7443 0.7129
1.2 0.9981 0.9952 0.9904 0.9856 0.9808 0.9511 0.8994 0.8779 0.8557 0.8330 0.8097 0.7858 0.7613
1.3 0.9985 0.9963 0.9926 0.9889 0.9852 0.9626 0.9240 0.9083 0.8924 0.8764 0.8602 0.8438 0.8275
1.4 0.9988 0.9971 0.9942 0.9913 0.9884 0.9710 0.9416 0.9298 0.9180 0.9062 0.8945 0.8827 0.8710
1.5 0.9991 0.9977 0.9954 0.9932 0.9909 0.9772 0.9546 0.9456 0.9367 0.9278 0.9190 0.9103 0.9018
1.6 0.9993 0.9982 0.9964 0.9946 0.9928 0.9820 0.9644 0.9575 0.9507 0.9439 0.9373 0.9308 0.9243
1.7 0.9994 0.9986 0.9971 0.9957 0.9943 0.9858 0.9721 0.9667 0.9614 0.9563 0.9512 0.9463 0.9414
1.8 0.9995 0.9989 0.9977 0.9966 0.9955 0.9888 0.9780 0.9739 0.9698 0.9659 0.9620 0.9583 0.9546
1.9 0.9996 0.9991 0.9982 0.9973 0.9964 0.9912 0.9828 0.9796 0.9765 0.9735 0.9706 0.9678 0.9650
2 0.9997 0.9993 0.9986 0.9979 0.9972 0.9931 0.9866 0.9842 0.9819 0.9796 0.9774 0.9754 0.9734
2.25 0.9999 0.9996 0.9993 0.9989 0.9986 0.9965 0.9935 0.9924 0.9913 0.9904 0.9895 0.9887 0.9879
2.5 0.9999 0.9999 0.9997 0.9996 0.9994 0.9987 0.9977 0.9975 0.9972 0.9971 0.9970 0.9969 0.9969
2.75 1.0000 1.0000 1.0000 1.0000 1.0000 1.0001 1.0005 1.0008 1.0011 1.0014 1.0018 1.0022 1.0027
3 1.0000 1.0001 1.0002 1.0003 1.0004 1.0011 1.0024 1.0030 1.0036 1.0043 1.0050 1.0057 1.0065
3.5 1.0001 1.0002 1.0004 1.0006 1.0008 1.0022 1.0045 1.0055 1.0065 1.0075 1.0086 1.0097 1.0108
4 1.0001 1.0003 1.0005 1.0008 1.0010 1.0027 1.0055 1.0066 1.0078 1.0090 1.0102 1.0115 1.0127
5 1.0001 1.0003 1.0006 1.0009 1.0012 1.0030 1.0060 1.0073 1.0085 1.0098 1.0111 1.0124 1.0137
TrPr 1.2 1.3 1.4 1.5 1.75 2 2.5 3 4 5 7.5 10
0.3 0.3470 0.3758 0.4047 0.4335 0.5055 0.5775 0.7213 0.8648 1.1512 1.4366 2.1463 2.8507
0.35 0.3123 0.3382 0.3642 0.3901 0.4549 0.5195 0.6487 0.7775 1.0344 1.2902 1.9251 2.5539
0.4 0.2853 0.3090 0.3327 0.3563 0.4154 0.4744 0.5921 0.7095 0.9433 1.1758 1.7519 2.3211
0.45 0.2638 0.2857 0.3076 0.3294 0.3840 0.4384 0.5470 0.6551 0.8704 1.0841 1.6128 2.1338
0.5 0.2465 0.2669 0.2873 0.3077 0.3585 0.4092 0.5103 0.6110 0.8110 1.0094 1.4989 1.9801
0.55 0.2323 0.2515 0.2707 0.2899 0.3377 0.3853 0.4803 0.5747 0.7620 0.9475 1.4042 1.8520
0.6 0.2207 0.2390 0.2571 0.2753 0.3206 0.3657 0.4554 0.5446 0.7213 0.8959 1.3247 1.7440
0.65 0.2113 0.2287 0.2461 0.2634 0.3065 0.3495 0.4349 0.5197 0.6872 0.8526 1.2573 1.6519
0.7 0.2038 0.2205 0.2372 0.2538 0.2952 0.3364 0.4181 0.4991 0.6588 0.8161 1.1999 1.5729
0.75 0.1981 0.2142 0.2303 0.2464 0.2863 0.3260 0.4046 0.4823 0.6352 0.7854 1.1508 1.5047
0.8 0.1942 0.2099 0.2255 0.2411 0.2798 0.3182 0.3942 0.4690 0.6160 0.7598 1.1087 1.4456
0.85 0.1924 0.2077 0.2230 0.2382 0.2759 0.3132 0.3868 0.4591 0.6007 0.7388 1.0727 1.3943
0.9 0.1935 0.2085 0.2235 0.2383 0.2751 0.3114 0.3828 0.4527 0.5892 0.7220 1.0421 1.3496
0.93 0.1963 0.2112 0.2259 0.2405 0.2766 0.3122 0.3822 0.4507 0.5841 0.7138 1.0261 1.3257
0.95 0.1998 0.2144 0.2288 0.2432 0.2787 0.3138 0.3827 0.4501 0.5815 0.7092 1.0164 1.3108
0.97 0.2055 0.2195 0.2334 0.2474 0.2821 0.3164 0.3841 0.4504 0.5796 0.7052 1.0073 1.2968
0.98 0.2097 0.2231 0.2366 0.2503 0.2843 0.3182 0.3851 0.4508 0.5789 0.7035 1.0030 1.2901
0.99 0.2154 0.2278 0.2407 0.2538 0.2871 0.3204 0.3864 0.4514 0.5784 0.7018 0.9989 1.2835
1 0.2237 0.2342 0.2459 0.2583 0.2904 0.3229 0.3880 0.4522 0.5780 0.7004 0.9949 1.2772
1.01 0.2370 0.2432 0.2529 0.2640 0.2944 0.3260 0.3899 0.4533 0.5778 0.6991 0.9912 1.2710
1.02 0.2629 0.2568 0.2624 0.2715 0.2993 0.3297 0.3921 0.4547 0.5778 0.6980 0.9875 1.2650
1.03 0.3168 0.2793 0.2760 0.2813 0.3053 0.3340 0.3948 0.4563 0.5780 0.6970 0.9841 1.2592
1.05 0.4437 0.3630 0.3246 0.3131 0.3219 0.3452 0.4014 0.4604 0.5790 0.6956 0.9776 1.2481
1.1 0.5984 0.5492 0.5003 0.4580 0.4026 0.3953 0.4277 0.4770 0.5851 0.6950 0.9639 1.2232
1.15 0.6803 0.6468 0.6129 0.5798 0.5116 0.4760 0.4718 0.5042 0.5972 0.6987 0.9538 1.2021
1.2 0.7363 0.7110 0.6856 0.6605 0.6029 0.5605 0.5295 0.5425 0.6155 0.7069 0.9471 1.1844
1.3 0.8111 0.7947 0.7784 0.7624 0.7243 0.6908 0.6467 0.6344 0.6681 0.7358 0.9427 1.1580
1.4 0.8595 0.8480 0.8367 0.8256 0.7992 0.7753 0.7387 0.7202 0.7299 0.7761 0.9486 1.1419
1.5 0.8933 0.8850 0.8768 0.8689 0.8499 0.8328 0.8052 0.7887 0.7884 0.8200 0.9619 1.1339
1.6 0.9180 0.9119 0.9059 0.9000 0.8863 0.8738 0.8537 0.8410 0.8386 0.8617 0.9795 1.1320
1.7 0.9367 0.9321 0.9277 0.9234 0.9133 0.9043 0.8899 0.8809 0.8798 0.8984 0.9986 1.1343
1.8 0.9511 0.9477 0.9444 0.9413 0.9339 0.9275 0.9176 0.9118 0.9129 0.9297 1.0174 1.1391
1.9 0.9624 0.9599 0.9575 0.9552 0.9500 0.9456 0.9391 0.9359 0.9396 0.9557 1.0348 1.1452
2 0.9715 0.9697 0.9680 0.9664 0.9628 0.9599 0.9561 0.9550 0.9611 0.9772 1.0503 1.1516
2.25 0.9873 0.9867 0.9861 0.9857 0.9849 0.9846 0.9854 0.9880 0.9986 1.0157 1.0805 1.1661
2.5 0.9970 0.9971 0.9973 0.9976 0.9984 0.9996 1.0031 1.0080 1.0215 1.0395 1.1003 1.1763
2.75 1.0033 1.0038 1.0045 1.0051 1.0070 1.0092 1.0143 1.0205 1.0357 1.0543 1.1125 1.1823
3 1.0074 1.0082 1.0091 1.0101 1.0126 1.0153 1.0215 1.0284 1.0446 1.0635 1.1196 1.1848
3.5 1.0120 1.0131 1.0143 1.0156 1.0187 1.0221 1.0292 1.0368 1.0537 1.0723 1.1249 1.1834
4 1.0140 1.0153 1.0166 1.0179 1.0214 1.0249 1.0323 1.0401 1.0567 1.0747 1.1239 1.1773
5 1.0150 1.0163 1.0176 1.0190 1.0224 1.0259 1.0331 1.0405 1.0559 1.0722 1.1153 1.1611

Z1
TrPr 0.01 0.025 0.05 0.075 0.1 0.25 0.5 0.6 0.7 0.8 0.9 1 1.1
0.3 20.0008 20.0020 20.0040 20.0061 20.0081 20.0202 20.0403 20.0484 20.0564 20.0645 20.0725 20.0806 20.0886
0.35 20.0009 20.0023 20.0046 20.0069 20.0093 20.0231 20.0462 20.0554 20.0646 20.0738 20.0830 20.0921 20.1013
0.4 20.0010 20.0024 20.0048 20.0071 20.0095 20.0238 20.0475 20.0570 20.0664 20.0758 20.0852 20.0946 20.1040
0.45 20.0009 20.0023 20.0047 20.0070 20.0094 20.0234 20.0467 20.0560 20.0652 20.0745 20.0837 20.0929 20.1021
0.5 20.0009 20.0023 20.0045 20.0068 20.0090 20.0226 20.0450 20.0539 20.0628 20.0716 20.0805 20.0893 20.0981
0.55 20.0314 20.0022 20.0043 20.0065 20.0086 20.0215 20.0428 20.0513 20.0598 20.0682 20.0766 20.0849 20.0932
0.6 20.0205 20.0543 20.0041 20.0062 20.0082 20.0204 20.0406 20.0487 20.0566 20.0646 20.0725 20.0803 20.0882
0.65 20.0137 20.0357 20.0772 20.0059 20.0078 20.0194 20.0385 20.0461 20.0536 20.0611 20.0685 20.0759 20.0833
0.7 20.0093 20.0240 20.0507 20.0809 20.1161 20.0185 20.0366 20.0438 20.0509 20.0579 20.0649 20.0718 20.0787
0.75 20.0064 20.0163 20.0339 20.0531 20.0744 20.0178 20.0350 20.0417 20.0484 20.0550 20.0616 20.0681 20.0745
0.8 20.0044 20.0111 20.0228 20.0353 20.0487 20.1650 20.0337 20.0401 20.0464 20.0526 20.0588 20.0648 20.0708
0.85 20.0029 20.0075 20.0152 20.0234 20.0319 20.0963 20.0331 20.0391 20.0451 20.0509 20.0566 20.0622 20.0677
0.9 20.0019 20.0049 20.0099 20.0151 20.0205 20.0577 20.1777 20.0396 20.0451 20.0503 20.0554 20.0604 20.0653
0.93 20.0015 20.0037 20.0075 20.0114 20.0154 20.0420 20.1088 20.1662 20.0469 20.0514 20.0558 20.0602 20.0645
0.95 20.0012 20.0031 20.0062 20.0093 20.0126 20.0336 20.0805 20.1110 20.1747 20.0540 20.0572 20.0607 20.0642
0.97 20.0010 20.0025 20.0050 20.0075 20.0101 20.0264 20.0594 20.0770 20.1023 20.1647 20.0616 20.0623 20.0643
0.98 20.0009 20.0022 20.0044 20.0067 20.0090 20.0233 20.0507 20.0641 20.0812 20.1100 20.0690 20.0641 20.0644
0.99 20.0008 20.0020 20.0039 20.0059 20.0079 20.0203 20.0429 20.0531 20.0646 20.0796 20.1143 20.0680 20.0641
1 20.0007 20.0017 20.0034 20.0052 20.0069 20.0176 20.0360 20.0435 20.0511 20.0588 20.0665 20.0789 20.0607
1.01 20.0006 20.0015 20.0030 20.0045 20.0060 20.0151 20.0297 20.0351 20.0398 20.0429 20.0421 20.0223 0.0082
1.02 20.0005 20.0013 20.0026 20.0039 20.0051 20.0127 20.0241 20.0277 20.0301 20.0303 20.0256 20.0062 0.0895
1.03 20.0004 20.0011 20.0022 20.0033 20.0043 20.0105 20.0190 20.0211 20.0217 20.0198 20.0130 0.0053 0.0588
1.05 20.0003 20.0007 20.0015 20.0022 20.0029 20.0066 20.0100 20.0097 20.0078 20.0032 0.0056 0.0220 0.0528
1.1 0.0000 0.0000 0.0000 0.0001 0.0001 0.0012 0.0066 0.0106 0.0161 0.0236 0.0338 0.0476 0.0659
1.15 0.0002 0.0005 0.0011 0.0017 0.0023 0.0068 0.0177 0.0237 0.0309 0.0396 0.0500 0.0625 0.0772
1.2 0.0004 0.0009 0.0019 0.0029 0.0040 0.0108 0.0254 0.0326 0.0407 0.0499 0.0603 0.0719 0.0848
1.3 0.0006 0.0015 0.0030 0.0045 0.0061 0.0159 0.0345 0.0429 0.0518 0.0612 0.0713 0.0819 0.0931
1.4 0.0007 0.0018 0.0036 0.0054 0.0072 0.0185 0.0390 0.0477 0.0567 0.0661 0.0757 0.0857 0.0959
1.5 0.0008 0.0019 0.0039 0.0058 0.0078 0.0198 0.0409 0.0497 0.0586 0.0677 0.0770 0.0864 0.0959
1.6 0.0008 0.0020 0.0040 0.0060 0.0080 0.0204 0.0415 0.0501 0.0589 0.0677 0.0766 0.0855 0.0945
1.7 0.0008 0.0020 0.0040 0.0061 0.0081 0.0204 0.0413 0.0497 0.0582 0.0667 0.0752 0.0838 0.0923
1.8 0.0008 0.0020 0.0040 0.0060 0.0081 0.0202 0.0406 0.0488 0.0570 0.0652 0.0734 0.0816 0.0897
1.9 0.0008 0.0020 0.0040 0.0059 0.0079 0.0199 0.0397 0.0477 0.0556 0.0635 0.0714 0.0792 0.0870
2 0.0008 0.0019 0.0039 0.0058 0.0078 0.0194 0.0387 0.0464 0.0541 0.0617 0.0692 0.0767 0.0842
2.25 0.0007 0.0018 0.0036 0.0055 0.0073 0.0181 0.0360 0.0431 0.0501 0.0570 0.0640 0.0708 0.0776
2.5 0.0007 0.0017 0.0034 0.0051 0.0068 0.0168 0.0334 0.0399 0.0464 0.0528 0.0591 0.0654 0.0716
2.75 0.0006 0.0016 0.0032 0.0047 0.0063 0.0156 0.0310 0.0370 0.0430 0.0490 0.0548 0.0607 0.0664
3 0.0006 0.0015 0.0029 0.0044 0.0059 0.0146 0.0289 0.0345 0.0401 0.0456 0.0511 0.0565 0.0619
3.5 0.0005 0.0013 0.0026 0.0039 0.0052 0.0128 0.0254 0.0303 0.0352 0.0401 0.0449 0.0497 0.0544
4 0.0005 0.0012 0.0023 0.0034 0.0046 0.0114 0.0226 0.0270 0.0314 0.0357 0.0400 0.0443 0.0485
5 0.0004 0.0009 0.0019 0.0028 0.0038 0.0094 0.0186 0.0222 0.0258 0.0294 0.0329 0.0365 0.0400
TrPr 1.2 1.3 1.4 1.5 1.75 2 2.5 3 4 5 7.5 10
0.3 20.0966 20.1047 20.1127 20.1207 20.1408 20.1608 20.2008 20.2407 20.3203 20.3996 20.5965 20.7915
0.35 20.1105 20.1196 20.1287 20.1379 20.1607 20.1834 20.2287 20.2738 20.3634 20.4523 20.6713 20.8863
0.4 20.1134 20.1228 20.1321 20.1414 20.1647 20.1879 20.2341 20.2799 20.3707 20.4603 20.6799 20.8936
0.45 20.1113 20.1204 20.1296 20.1387 20.1614 20.1840 20.2289 20.2734 20.3612 20.4475 20.6577 20.8606
0.5 20.1069 20.1156 20.1243 20.1330 20.1547 20.1762 20.2189 20.2611 20.3440 20.4253 20.6216 20.8099
0.55 20.1015 20.1098 20.1180 20.1263 20.1467 20.1669 20.2070 20.2465 20.3238 20.3991 20.5800 20.7521
0.6 20.0960 20.1037 20.1115 20.1192 20.1383 20.1572 20.1945 20.2312 20.3026 20.3718 20.5369 20.6929
0.65 20.0906 20.0978 20.1051 20.1123 20.1301 20.1476 20.1822 20.2160 20.2816 20.3447 20.4943 20.6346
0.7 20.0855 20.0923 20.0990 20.1057 20.1222 20.1385 20.1703 20.2013 20.2611 20.3184 20.4531 20.5785
0.75 20.0808 20.0871 20.0934 20.0996 20.1149 20.1298 20.1590 20.1872 20.2414 20.2929 20.4134 20.5250
0.8 20.0767 20.0825 20.0883 20.0940 20.1080 20.1217 20.1481 20.1736 20.2222 20.2682 20.3752 20.4740
0.85 20.0731 20.0784 20.0837 20.0888 20.1015 20.1138 20.1375 20.1602 20.2032 20.2439 20.3383 20.4254
0.9 20.0701 20.0748 20.0795 20.0840 20.0951 20.1059 20.1265 20.1463 20.1839 20.2195 20.3022 20.3788
0.93 20.0687 20.0729 20.0770 20.0810 20.0910 20.1007 20.1194 20.1374 20.1718 20.2045 20.2808 20.3516
0.95 20.0678 20.0715 20.0751 20.0788 20.0878 20.0967 20.1141 20.1310 20.1634 20.1943 20.2666 20.3339
0.97 20.0669 20.0698 20.0728 20.0759 20.0840 20.0921 20.1082 20.1240 20.1545 20.1837 20.2524 20.3163
0.98 20.0661 20.0685 20.0712 20.0740 20.0816 20.0893 20.1049 20.1202 20.1499 20.1783 20.2452 20.3075
0.99 20.0646 20.0665 20.0688 20.0715 20.0787 20.0861 20.1013 20.1162 20.1451 20.1728 20.2381 20.2989
1 20.0609 20.0628 20.0652 20.0678 20.0750 20.0824 20.0972 20.1118 20.1401 20.1672 20.2309 20.2902
1.01 20.0473 20.0545 20.0586 20.0621 20.0702 20.0778 20.0927 20.1072 20.1349 20.1615 20.2237 20.2816
1.02 0.0227 20.0310 20.0452 20.0524 20.0635 20.0722 20.0876 20.1021 20.1295 20.1556 20.2165 20.2731
1.03 0.1159 0.0318 20.0152 20.0343 20.0540 20.0649 20.0818 20.0966 20.1239 20.1495 20.2092 20.2646
1.05 0.1059 0.1357 0.0951 0.0451 20.0195 20.0432 20.0671 20.0838 20.1118 20.1370 20.1946 20.2476
1.1 0.0897 0.1185 0.1468 0.1630 0.1300 0.0698 20.0033 20.0373 20.0751 20.1021 20.1572 20.2056
1.15 0.0943 0.1137 0.1345 0.1548 0.1835 0.1667 0.0906 0.0332 20.0272 20.0611 20.1185 20.1642
1.2 0.0991 0.1146 0.1310 0.1477 0.1840 0.1990 0.1651 0.1095 0.0304 20.0141 20.0782 20.1231
1.3 0.1048 0.1169 0.1294 0.1420 0.1729 0.1991 0.2223 0.2079 0.1435 0.0875 0.0053 20.0423
1.4 0.1063 0.1169 0.1276 0.1383 0.1648 0.1894 0.2259 0.2397 0.2171 0.1737 0.0870 0.0350
1.5 0.1055 0.1152 0.1248 0.1345 0.1582 0.1806 0.2186 0.2433 0.2525 0.2309 0.1584 0.1058
1.6 0.1035 0.1124 0.1214 0.1303 0.1521 0.1729 0.2098 0.2381 0.2654 0.2631 0.2147 0.1673
1.7 0.1008 0.1092 0.1176 0.1259 0.1463 0.1658 0.2013 0.2305 0.2672 0.2788 0.2556 0.2179
1.8 0.0978 0.1058 0.1137 0.1216 0.1408 0.1593 0.1932 0.2224 0.2639 0.2846 0.2834 0.2576
1.9 0.0947 0.1023 0.1099 0.1173 0.1356 0.1532 0.1858 0.2144 0.2582 0.2848 0.3013 0.2876
2 0.0916 0.0989 0.1061 0.1133 0.1307 0.1476 0.1789 0.2069 0.2517 0.2820 0.3120 0.3096
2.25 0.0843 0.0909 0.0975 0.1039 0.1198 0.1350 0.1638 0.1901 0.2346 0.2691 0.3198 0.3392
2.5 0.0778 0.0839 0.0899 0.0958 0.1104 0.1245 0.1511 0.1757 0.2189 0.2542 0.3146 0.3475
2.75 0.0721 0.0778 0.0833 0.0888 0.1023 0.1154 0.1403 0.1635 0.2049 0.2399 0.3045 0.3454
3 0.0672 0.0724 0.0776 0.0828 0.0954 0.1076 0.1310 0.1529 0.1925 0.2268 0.2930 0.3385
3.5 0.0591 0.0637 0.0683 0.0728 0.0840 0.0949 0.1158 0.1356 0.1719 0.2042 0.2700 0.3194
4 0.0527 0.0569 0.0610 0.0651 0.0751 0.0849 0.1038 0.1219 0.1554 0.1857 0.2493 0.2994
5 0.0434 0.0469 0.0503 0.0537 0.0621 0.0703 0.0863 0.1016 0.1306 0.1573 0.2155 0.2637