hdep(0)
TrPr 0.01 0.025 0.05 0.075 0.1 0.25 0.5 0.6 0.7 0.8 0.9 1 1.1
TrPr 0.01 0.025 0.05 0.075 0.1 0.25 0.5 0.6 0.7 0.8 0.9 1 1.1
0.3 26.046 26.045 26.043 26.042 26.040 26.031 26.017 26.011 26.005 25.999 25.993 25.987 25.981
0.35 25.907 25.906 25.904 25.903 25.901 25.892 25.876 25.870 25.864 25.858 25.852 25.845 25.839
0.4 25.763 25.762 25.761 25.759 25.757 25.748 25.732 25.726 25.719 25.713 25.707 25.700 25.694
0.45 25.615 25.614 25.612 25.611 25.609 25.600 25.583 25.577 25.571 25.564 25.558 25.551 25.545
0.5 25.465 25.464 25.462 25.461 25.459 25.450 25.434 25.427 25.421 25.414 25.408 25.401 25.395
0.55 20.032 25.314 25.312 25.311 25.309 25.300 25.284 25.277 25.271 25.265 25.258 25.252 25.245
0.6 20.027 20.068 25.162 25.161 25.159 25.150 25.135 25.129 25.122 25.116 25.110 25.104 25.098
0.65 20.023 20.058 20.118 25.009 25.008 25.000 24.985 24.980 24.974 24.968 24.962 24.956 24.951
0.7 20.020 20.050 20.101 20.156 20.213 24.846 24.834 24.828 24.823 24.818 24.813 24.808 24.802
0.75 20.017 20.043 20.088 20.135 20.183 24.685 24.676 24.672 24.668 24.664 24.659 24.655 24.651
0.8 20.015 20.038 20.078 20.118 20.160 20.451 24.505 24.504 24.501 24.499 24.496 24.494 24.491
0.85 20.014 20.034 20.069 20.105 20.141 20.387 24.311 24.313 24.315 24.316 24.316 24.316 24.316
0.9 20.012 20.031 20.062 20.094 20.126 20.339 20.813 24.074 24.085 24.094 24.101 24.108 24.113
0.93 20.011 20.029 20.058 20.088 20.118 20.315 20.729 20.960 23.898 23.920 23.938 23.953 23.965
0.95 20.011 20.028 20.056 20.084 20.113 20.300 20.684 20.885 21.150 23.763 23.798 23.825 23.847
0.97 20.011 20.027 20.054 20.081 20.109 20.287 20.645 20.824 21.044 21.356 23.599 23.658 23.700
0.98 20.010 20.026 20.053 20.079 20.107 20.281 20.627 20.797 21.002 21.273 23.434 23.544 23.607
0.99 20.010 20.026 20.052 20.078 20.105 20.275 20.610 20.773 20.964 21.206 21.579 23.376 23.491
1 20.010 20.025 20.051 20.076 20.103 20.269 20.594 20.750 20.930 21.151 21.455 22.574 23.326
1.01 20.010 20.025 20.050 20.075 20.101 20.264 20.579 20.728 20.899 21.102 21.366 21.796 23.014
1.02 20.010 20.024 20.049 20.074 20.099 20.258 20.565 20.708 20.870 21.060 21.295 21.627 22.318
1.03 20.009 20.024 20.048 20.072 20.097 20.253 20.551 20.689 20.844 21.022 21.235 21.515 21.953
1.05 20.009 20.023 20.046 20.070 20.094 20.243 20.525 20.654 20.796 20.955 21.138 21.359 21.642
1.1 20.008 20.021 20.042 20.064 20.086 20.221 20.471 20.581 20.699 20.827 20.966 21.120 21.292
1.15 20.008 20.019 20.039 20.059 20.079 20.202 20.426 20.523 20.625 20.732 20.846 20.968 21.098
1.2 20.007 20.018 20.036 20.054 20.073 20.186 20.388 20.474 20.564 20.657 20.755 20.857 20.964
1.3 20.006 20.016 20.031 20.047 20.063 20.159 20.328 20.399 20.471 20.545 20.620 20.698 20.778
1.4 20.005 20.014 20.027 20.041 20.055 20.138 20.282 20.341 20.402 20.463 20.525 20.588 20.652
1.5 20.005 20.012 20.024 20.036 20.048 20.121 20.246 20.297 20.348 20.400 20.452 20.505 20.558
1.6 20.004 20.011 20.021 20.032 20.043 20.107 20.216 20.261 20.305 20.350 20.395 20.440 20.485
1.7 20.004 20.010 20.019 20.029 20.038 20.096 20.192 20.231 20.270 20.309 20.348 20.387 20.427
1.8 20.003 20.009 20.017 20.026 20.034 20.086 20.172 20.206 20.240 20.275 20.309 20.344 20.378
1.9 20.003 20.008 20.015 20.023 20.031 20.077 20.154 20.185 20.216 20.246 20.277 20.307 20.338
2 20.003 20.007 20.014 20.021 20.028 20.070 20.139 20.167 20.194 20.222 20.249 20.276 20.303
2.25 20.002 20.006 20.011 20.017 20.022 20.055 20.109 20.130 20.152 20.173 20.194 20.215 20.236
2.5 20.002 20.004 20.009 20.013 20.018 20.044 20.087 20.104 20.121 20.137 20.154 20.170 20.187
2.75 20.001 20.004 20.007 20.011 20.014 20.035 20.070 20.083 20.097 20.110 20.123 20.136 20.149
3 20.001 20.003 20.006 20.009 20.011 20.028 20.056 20.067 20.078 20.088 20.099 20.109 20.119
3.5 20.001 20.002 20.004 20.006 20.007 20.018 20.036 20.043 20.049 20.056 20.063 20.069 20.075
4 0.000 20.001 20.002 20.003 20.005 20.011 20.022 20.026 20.030 20.033 20.037 20.041 20.044
5 0.000 0.000 0.000 20.001 20.001 20.002 20.003 20.003 20.004 20.004 20.004 20.004 20.004
TrPr 1.2 1.3 1.4 1.5 1.75 2 2.5 3 4 5 7.5 10
0.3 25.975 25.969 25.963 25.957 25.942 25.927 25.898 25.868 25.808 25.748 25.598 25.446
0.35 25.833 25.827 25.821 25.814 25.799 25.783 25.752 25.721 25.658 25.595 25.437 25.278
0.4 25.687 25.681 25.675 25.668 25.652 25.636 25.604 25.572 25.507 25.442 25.278 25.113
0.45 25.538 25.532 25.525 25.519 25.502 25.486 25.453 25.420 25.354 25.288 25.120 24.950
0.5 25.388 25.382 25.375 25.369 25.352 25.336 25.303 25.270 25.203 25.135 24.964 24.791
0.55 25.239 25.233 25.226 25.220 25.203 25.187 25.154 25.121 25.054 24.986 24.814 24.638
0.6 25.091 25.085 25.079 25.073 25.057 25.041 25.008 24.976 24.909 24.842 24.669 24.492
0.65 24.945 24.939 24.933 24.927 24.911 24.896 24.865 24.833 24.769 24.702 24.531 24.353
0.7 24.797 24.792 24.786 24.781 24.767 24.752 24.723 24.693 24.631 24.566 24.397 24.221
0.75 24.646 24.641 24.637 24.632 24.620 24.607 24.581 24.554 24.495 24.434 24.269 24.095
0.8 24.488 24.485 24.481 24.478 24.469 24.459 24.437 24.413 24.361 24.303 24.145 23.974
0.85 24.316 24.315 24.314 24.312 24.308 24.302 24.287 24.269 24.225 24.173 24.024 23.857
0.9 24.118 24.121 24.125 24.127 24.131 24.132 24.129 24.119 24.086 24.043 23.905 23.744
0.93 23.976 23.985 23.993 24.000 24.012 24.020 24.026 24.024 24.001 23.963 23.834 23.678
0.95 23.865 23.880 23.893 23.904 23.925 23.939 23.955 23.958 23.943 23.910 23.788 23.634
0.97 23.732 23.758 23.779 23.796 23.830 23.853 23.879 23.890 23.883 23.856 23.741 23.591
0.98 23.652 23.686 23.714 23.736 23.778 23.806 23.840 23.854 23.853 23.829 23.717 23.569
0.99 23.558 23.605 23.641 23.670 23.723 23.758 23.799 23.818 23.823 23.801 23.694 23.548
1 23.441 23.510 23.560 23.598 23.664 23.706 23.757 23.782 23.792 23.774 23.670 23.526
1.01 23.283 23.395 23.465 23.516 23.600 23.652 23.713 23.744 23.760 23.746 23.647 23.505
1.02 23.039 23.246 23.352 23.422 23.530 23.595 23.668 23.705 23.729 23.718 23.624 23.484
1.03 22.657 23.043 23.213 23.313 23.454 23.534 23.621 23.665 23.696 23.690 23.600 23.462
1.05 22.034 22.497 22.831 23.030 23.277 23.398 23.521 23.583 23.630 23.632 23.553 23.420
1.1 21.487 21.709 21.955 22.203 22.686 22.965 23.231 23.353 23.456 23.484 23.435 23.315
1.15 21.239 21.389 21.550 21.719 22.139 22.479 22.888 23.091 23.268 23.329 23.315 23.211
1.2 21.076 21.193 21.315 21.443 21.770 22.079 22.537 22.807 23.065 23.166 23.194 23.107
1.3 20.860 20.943 21.029 21.116 21.338 21.560 21.964 22.274 22.645 22.825 22.947 22.899
1.4 20.716 20.782 20.848 20.915 21.084 21.253 21.576 21.857 22.255 22.486 22.696 22.692
1.5 20.611 20.665 20.719 20.774 20.910 21.046 21.309 21.549 21.926 22.175 22.449 22.486
1.6 20.531 20.576 20.622 20.667 20.781 20.894 21.114 21.318 21.659 21.904 22.213 22.285
1.7 20.466 20.505 20.544 20.583 20.681 20.777 20.964 21.139 21.441 21.672 21.994 22.091
1.8 20.413 20.447 20.481 20.515 20.600 20.683 20.844 20.996 21.264 21.476 21.794 21.908
1.9 20.368 20.398 20.429 20.458 20.533 20.606 20.747 20.880 21.117 21.309 21.614 21.736
2 20.330 20.357 20.384 20.411 20.476 20.541 20.665 20.782 20.993 21.167 21.453 21.577
2.25 20.257 20.277 20.297 20.318 20.367 20.416 20.509 20.597 20.755 20.889 21.120 21.232
2.5 20.203 20.219 20.234 20.250 20.289 20.326 20.398 20.465 20.585 20.687 20.866 20.954
2.75 20.162 20.174 20.187 20.199 20.229 20.258 20.314 20.365 20.457 20.534 20.667 20.729
3 20.129 20.139 20.149 20.159 20.182 20.205 20.248 20.288 20.357 20.415 20.509 20.545
3.5 20.081 20.087 20.093 20.099 20.113 20.127 20.152 20.174 20.211 20.239 20.272 20.264
4 20.048 20.051 20.054 20.058 20.065 20.072 20.085 20.095 20.109 20.116 20.105 20.061
5 20.004 20.004 20.004 20.003 20.002 20.001 0.003 0.009 0.024 0.045 0.117 0.213

hdep(1)
TrPr 0.01 0.025 0.05 0.075 0.1 0.25 0.5 0.6 0.7 0.8 0.9 1 1.1
0.3 211.101 211.101 211.100 211.099 211.098 211.093 211.084 211.081 211.078 211.074 211.071 211.067 211.064
0.35 210.652 210.652 210.651 210.651 210.651 210.648 210.645 210.643 210.642 210.640 210.639 210.637 210.636
0.4 210.120 210.120 210.120 210.120 210.120 210.120 210.120 210.120 210.120 210.120 210.120 210.120 210.120
0.45 29.513 29.514 29.514 29.514 29.514 29.516 29.519 29.520 29.521 29.522 29.523 29.525 29.526
0.5 28.867 28.867 28.868 28.868 28.869 28.872 28.877 28.879 28.881 28.883 28.885 28.887 28.889
0.55 20.080 28.212 28.213 28.213 28.214 28.218 28.224 28.227 28.230 28.232 28.235 28.238 28.241
0.6 20.059 20.155 27.568 27.569 27.570 27.574 27.582 27.585 27.588 27.592 27.595 27.598 27.601
0.65 20.045 20.116 20.247 26.948 26.949 26.954 26.962 26.966 26.969 26.973 26.976 26.980 26.984
0.7 20.034 20.088 20.185 20.292 20.415 26.361 26.370 26.373 26.377 26.381 26.385 26.388 26.392
0.75 20.027 20.068 20.142 20.220 20.306 25.798 25.806 25.809 25.813 25.816 25.820 25.824 25.828
0.8 20.021 20.054 20.110 20.170 20.234 20.753 25.268 25.271 25.274 25.277 25.281 25.285 25.288
0.85 20.017 20.043 20.087 20.134 20.182 20.534 24.753 24.754 24.756 24.758 24.760 24.763 24.767
0.9 20.014 20.034 20.070 20.106 20.144 20.400 21.133 24.254 24.250 24.248 24.248 24.249 24.251
0.93 20.012 20.030 20.061 20.093 20.126 20.341 20.855 21.236 23.952 23.941 23.936 23.934 23.934
0.95 20.011 20.028 20.056 20.085 20.115 20.309 20.736 20.994 21.448 23.737 23.720 23.713 23.711
0.97 20.010 20.026 20.052 20.078 20.105 20.280 20.643 20.837 21.100 21.616 23.496 23.471 23.465
0.98 20.010 20.025 20.050 20.075 20.101 20.267 20.603 20.776 20.994 21.324 23.397 23.332 23.322
0.99 20.009 20.024 20.048 20.072 20.097 20.254 20.568 20.722 20.908 21.154 21.618 23.164 23.150
1 20.009 20.023 20.046 20.069 20.093 20.243 20.535 20.675 20.836 21.034 21.307 22.382 22.888
1.01 20.009 20.022 20.044 20.066 20.089 20.232 20.505 20.632 20.775 20.940 21.138 21.375 21.866
1.02 20.008 20.021 20.042 20.063 20.085 20.221 20.478 20.594 20.721 20.863 21.020 21.180 21.078
1.03 20.008 20.020 20.040 20.061 20.082 20.211 20.452 20.559 20.674 20.797 20.928 21.052 21.080
1.05 20.007 20.019 20.037 20.056 20.075 20.193 20.406 20.498 20.593 20.691 20.789 20.877 20.928
1.1 20.006 20.015 20.030 20.046 20.061 20.155 20.316 20.381 20.445 20.507 20.566 20.617 20.655
1.15 20.005 20.012 20.025 20.037 20.050 20.124 20.248 20.296 20.342 20.385 20.425 20.459 20.486
1.2 20.004 20.010 20.020 20.030 20.040 20.100 20.196 20.232 20.266 20.297 20.325 20.349 20.368
1.3 20.003 20.007 20.013 20.020 20.026 20.064 20.122 20.142 20.161 20.177 20.191 20.203 20.212
1.4 20.002 20.004 20.008 20.012 20.016 20.039 20.072 20.083 20.093 20.100 20.107 20.111 20.114
1.5 20.001 20.002 20.005 20.007 20.009 20.022 20.038 20.042 20.046 20.048 20.049 20.049 20.048
1.6 0.000 20.001 20.002 20.003 20.004 20.009 20.013 20.013 20.012 20.011 20.008 20.005 20.001
1.7 0.000 0.000 0.000 0.000 0.000 0.001 0.006 0.009 0.012 0.017 0.021 0.027 0.033
1.8 0.000 0.001 0.001 0.002 0.003 0.008 0.019 0.025 0.031 0.037 0.044 0.051 0.059
1.9 0.001 0.001 0.003 0.004 0.005 0.014 0.030 0.037 0.045 0.053 0.061 0.070 0.079
2 0.001 0.002 0.004 0.005 0.007 0.018 0.039 0.047 0.056 0.065 0.075 0.085 0.094
2.25 0.001 0.003 0.005 0.008 0.010 0.026 0.053 0.064 0.075 0.087 0.098 0.110 0.121
2.5 0.001 0.003 0.006 0.009 0.012 0.031 0.062 0.075 0.087 0.100 0.112 0.125 0.138
2.75 0.001 0.003 0.007 0.010 0.014 0.034 0.068 0.081 0.095 0.108 0.122 0.135 0.149
3 0.001 0.004 0.007 0.011 0.014 0.036 0.072 0.086 0.100 0.114 0.128 0.142 0.156
3.5 0.002 0.004 0.008 0.012 0.016 0.039 0.077 0.092 0.107 0.122 0.137 0.152 0.167
4 0.002 0.004 0.008 0.012 0.016 0.04 0.08 0.096 0.112 0.127 0.143 0.158 0.173
5 0.002 0.004 0.009 0.013 0.017 0.042 0.084 0.101 0.117 0.133 0.15 0.166 0.182
TrPr 1.2 1.3 1.4 1.5 1.75 2 2.5 3 4 5 7.5 10
0.3 211.061 211.057 211.054 211.051 211.042 211.034 211.017 211.001 210.968 210.936 210.857 210.782
0.35 210.634 210.633 210.632 210.630 210.627 210.623 210.616 210.610 210.597 210.584 210.555 210.529
0.4 210.120 210.120 210.120 210.120 210.120 210.121 210.121 210.122 210.124 210.127 210.137 210.150
0.45 29.527 29.528 29.529 29.531 29.534 29.537 29.544 29.550 29.564 29.579 29.619 29.663
0.5 28.891 28.893 28.895 28.897 28.903 28.908 28.919 28.931 28.954 28.979 29.043 29.111
0.55 28.243 28.246 28.249 28.252 28.259 28.266 28.281 28.296 28.327 28.359 28.444 28.531
0.6 27.605 27.608 27.611 27.615 27.623 27.632 27.650 27.668 27.705 27.744 27.845 27.950
0.65 26.987 26.991 26.995 26.999 27.008 27.018 27.038 27.059 27.102 27.147 27.263 27.383
0.7 26.396 26.400 26.404 26.408 26.419 26.430 26.452 26.475 26.523 26.573 26.703 26.837
0.75 25.832 25.836 25.841 25.845 25.856 25.868 25.892 25.918 25.971 26.027 26.170 26.317
0.8 25.292 25.297 25.301 25.306 25.317 25.330 25.356 25.384 25.444 25.506 25.664 25.824
0.85 24.771 24.775 24.779 24.784 24.796 24.810 24.840 24.871 24.939 25.008 25.184 25.358
0.9 24.255 24.258 24.263 24.268 24.282 24.298 24.333 24.371 24.450 24.530 24.727 24.916
0.93 23.937 23.940 23.945 23.951 23.968 23.987 24.029 24.073 24.163 24.251 24.463 24.662
0.95 23.713 23.717 23.723 23.730 23.750 23.773 23.822 23.873 23.972 24.068 24.291 24.498
0.97 23.467 23.473 23.482 23.492 23.521 23.551 23.611 23.670 23.782 23.886 24.122 24.336
0.98 23.327 23.337 23.349 23.363 23.399 23.434 23.503 23.568 23.686 23.795 24.039 24.257
0.99 23.164 23.183 23.203 23.222 23.270 23.313 23.392 23.464 23.591 23.705 23.956 24.178
1 22.952 22.997 23.033 23.065 23.131 23.186 23.279 23.358 23.495 23.615 23.874 24.100
1.01 22.595 22.743 22.824 22.880 22.979 23.051 23.162 23.251 23.399 23.525 23.792 24.023
1.02 21.723 22.326 22.537 22.650 22.809 22.906 23.041 23.142 23.303 23.435 23.711 23.947
1.03 20.978 21.630 22.108 22.345 22.612 22.748 22.915 23.031 23.206 23.346 23.631 23.871
1.05 20.878 20.835 21.113 21.496 22.110 22.381 22.645 22.800 23.010 23.167 23.473 23.722
1.1 20.673 20.662 20.631 20.617 20.854 21.261 21.853 22.167 22.507 22.720 23.086 23.362
1.15 20.503 20.509 20.502 20.487 20.474 20.604 21.083 21.497 21.990 22.275 22.713 23.019
1.2 20.381 20.388 20.388 20.381 20.353 20.361 20.591 20.934 21.489 21.840 22.355 22.692
1.3 20.218 20.221 20.221 20.218 20.200 20.178 20.182 20.300 20.693 21.066 21.691 22.086
1.4 20.115 20.115 20.112 20.108 20.092 20.070 20.034 20.044 20.228 20.504 21.117 21.547
1.5 20.046 20.042 20.038 20.032 20.014 0.008 0.052 0.078 0.023 20.142 20.654 21.080
1.6 0.004 0.009 0.016 0.023 0.043 0.065 0.113 0.151 0.163 0.082 20.299 20.689
1.7 0.040 0.047 0.055 0.063 0.085 0.109 0.158 0.202 0.248 0.223 20.036 20.369
1.8 0.067 0.076 0.084 0.094 0.117 0.143 0.194 0.241 0.306 0.317 0.157 20.112
1.9 0.088 0.098 0.107 0.117 0.143 0.169 0.221 0.271 0.347 0.381 0.299 0.092
2 0.105 0.115 0.125 0.136 0.163 0.190 0.244 0.295 0.379 0.428 0.406 0.255
2.25 0.133 0.145 0.156 0.168 0.197 0.227 0.284 0.338 0.433 0.505 0.578 0.534
2.5 0.150 0.163 0.176 0.188 0.219 0.250 0.310 0.367 0.469 0.552 0.678 0.704
2.75 0.162 0.175 0.189 0.202 0.234 0.266 0.328 0.387 0.494 0.585 0.744 0.817
3 0.170 0.184 0.198 0.211 0.245 0.278 0.342 0.403 0.514 0.611 0.793 0.899
3.5 0.181 0.196 0.210 0.224 0.260 0.294 0.361 0.425 0.544 0.650 0.864 1.015
4 0.188 0.203 0.218 0.233 0.27 0.306 0.375 0.442 0.567 0.68 0.917 1.097
5 0.198 0.214 0.229 0.245 0.283 0.321 0.395 0.466 0.601 0.726 0.997 1.219