Sdep(0)
TrPr 0.01 0.025 0.05 0.075 0.1 0.25 0.5 0.6 0.7 0.8 0.9 1 1.1
TrPr 0.01 0.025 0.05 0.075 0.1 0.25 0.5 0.6 0.7 0.8 0.9 1 1.1
0.3 211.613 210.699 210.008 29.605 29.319 28.417 27.747 27.574 27.429 27.304 27.196 27.099 27.013
0.35 211.185 210.270 29.579 29.176 28.890 27.986 27.314 27.140 26.995 26.869 26.760 26.663 26.576
0.4 210.802 29.887 29.196 28.792 28.506 27.602 26.929 26.755 26.608 26.483 26.373 26.275 26.188
0.45 210.453 29.538 28.847 28.443 28.158 27.253 26.579 26.405 26.258 26.132 26.022 25.924 25.837
0.5 210.137 29.222 28.531 28.127 27.842 26.937 26.263 26.089 25.942 25.816 25.706 25.608 25.520
0.55 20.038 28.936 28.245 27.841 27.555 26.651 25.978 25.803 25.657 25.531 25.421 25.324 25.236
0.6 20.029 20.075 27.983 27.580 27.294 26.391 25.719 25.544 25.399 25.273 25.163 25.066 24.979
0.65 20.023 20.059 20.122 27.338 27.052 26.150 25.479 25.306 25.161 25.036 24.927 24.830 24.743
0.7 20.018 20.047 20.096 20.149 20.206 25.922 25.254 25.082 24.938 24.814 24.706 24.610 24.524
0.75 20.015 20.038 20.078 20.120 20.164 25.700 25.036 24.866 24.723 24.600 24.494 24.399 24.314
0.8 20.013 20.032 20.064 20.098 20.134 20.390 24.817 24.649 24.508 24.388 24.283 24.191 24.108
0.85 20.011 20.027 20.054 20.082 20.111 20.312 24.581 24.418 24.282 24.166 24.065 23.976 23.897
0.9 20.009 20.023 20.046 20.069 20.094 20.257 20.648 24.145 24.019 23.912 23.820 23.738 23.665
0.93 20.008 20.021 20.042 20.063 20.085 20.231 20.556 20.750 23.815 23.723 23.641 23.569 23.503
0.95 20.008 20.019 20.039 20.059 20.080 20.215 20.508 20.671 20.897 23.556 23.493 23.433 23.378
0.97 20.007 20.018 20.037 20.056 20.075 20.202 20.467 20.607 20.787 21.056 23.286 23.259 23.224
0.98 20.007 20.018 20.036 20.054 20.073 20.195 20.449 20.580 20.743 20.971 23.116 23.142 23.129
0.99 20.007 20.017 20.035 20.053 20.071 20.189 20.432 20.555 20.705 20.903 21.228 22.972 23.011
1 20.007 20.017 20.034 20.051 20.069 20.183 20.416 20.532 20.671 20.847 21.104 22.167 22.846
1.01 20.007 20.016 20.033 20.050 20.067 20.178 20.401 20.510 20.640 20.799 21.015 21.391 22.535
1.02 20.006 20.016 20.032 20.049 20.065 20.172 20.386 20.491 20.611 20.757 20.945 21.225 21.850
1.03 20.006 20.015 20.031 20.047 20.063 20.167 20.373 20.472 20.586 20.720 20.887 21.116 21.493
1.05 20.006 20.015 20.030 20.045 20.060 20.158 20.349 20.439 20.540 20.656 20.794 20.965 21.194
1.1 20.005 20.013 20.026 20.039 20.053 20.138 20.298 20.371 20.450 20.537 20.633 20.742 20.867
1.15 20.005 20.011 20.023 20.035 20.047 20.121 20.258 20.319 20.383 20.452 20.527 20.607 20.695
1.2 20.004 20.010 20.021 20.031 20.042 20.107 20.226 20.277 20.331 20.389 20.449 20.512 20.580
1.3 20.003 20.008 20.017 20.025 20.033 20.086 20.178 20.217 20.257 20.298 20.341 20.385 20.431
1.4 20.003 20.007 20.014 20.021 20.027 20.070 20.144 20.174 20.205 20.237 20.270 20.303 20.337
1.5 20.002 20.006 20.011 20.017 20.023 20.058 20.118 20.143 20.168 20.194 20.220 20.246 20.272
1.6 20.002 20.005 20.010 20.015 20.019 20.049 20.099 20.120 20.141 20.162 20.183 20.204 20.225
1.7 20.002 20.004 20.008 20.012 20.017 20.042 20.085 20.102 20.119 20.137 20.154 20.172 20.190
1.8 20.001 20.004 20.007 20.011 20.014 20.036 20.073 20.088 20.102 20.117 20.132 20.147 20.162
1.9 20.001 20.003 20.006 20.009 20.013 20.032 20.063 20.076 20.089 20.102 20.115 20.127 20.140
2 20.001 20.003 20.006 20.008 20.011 20.028 20.056 20.067 20.078 20.089 20.100 20.111 20.123
2.25 20.001 20.002 20.004 20.006 20.008 20.021 20.041 20.050 20.058 20.066 20.074 20.083 20.091
2.5 20.001 20.002 20.003 20.005 20.006 20.016 20.032 20.038 20.045 20.051 20.057 20.064 20.070
2.75 20.001 20.001 20.003 20.004 20.005 20.013 20.026 20.031 20.036 20.041 20.046 20.050 20.055
3 0.000 20.001 20.002 20.003 20.004 20.010 20.021 20.025 20.029 20.033 20.037 20.041 20.045
3.5 0.000 20.001 20.001 20.002 20.003 20.007 20.015 20.017 20.020 20.023 20.026 20.029 20.031
4 0.000 20.001 20.001 20.002 20.002 20.005 20.011 20.013 20.015 20.017 20.019 20.021 20.023
5 0.000 0.000 20.001 20.001 20.001 20.003 20.007 20.008 20.009 20.010 20.012 20.013 20.014
TrPr 1.2 1.3 1.4 1.5 1.75 2 2.5 3 4 5 7.5 10
0.3 26.935 26.864 26.799 26.740 26.608 26.497 26.319 26.182 25.983 25.847 25.657 25.578
0.35 26.497 26.426 26.360 26.299 26.165 26.052 25.870 25.728 25.521 25.376 25.163 25.060
0.4 26.109 26.036 25.970 25.909 25.774 25.660 25.475 25.330 25.117 24.967 24.738 24.619
0.45 25.757 25.685 25.618 25.557 25.421 25.306 25.120 24.974 24.757 24.603 24.364 24.234
0.5 25.441 25.368 25.302 25.240 25.105 24.989 24.802 24.656 24.438 24.282 24.036 23.899
0.55 25.157 25.084 25.018 24.956 24.821 24.706 24.519 24.373 24.154 23.998 23.750 23.607
0.6 24.900 24.828 24.762 24.700 24.566 24.451 24.266 24.120 23.902 23.747 23.498 23.353
0.65 24.665 24.593 24.527 24.467 24.333 24.220 24.036 23.892 23.677 23.523 23.276 23.131
0.7 24.446 24.375 24.310 24.250 24.118 24.007 23.826 23.684 23.473 23.322 23.079 22.935
0.75 24.238 24.168 24.104 24.046 23.916 23.807 23.630 23.491 23.286 23.138 22.902 22.761
0.8 24.034 23.966 23.904 23.846 23.721 23.615 23.444 23.310 23.112 22.970 22.741 22.605
0.85 23.825 23.760 23.701 23.646 23.526 23.425 23.262 23.135 22.947 22.812 22.594 22.463
0.9 23.599 23.539 23.484 23.434 23.324 23.231 23.081 22.963 22.789 22.663 22.458 22.334
0.93 23.444 23.390 23.341 23.295 23.194 23.108 22.969 22.860 22.696 22.577 22.381 22.262
0.95 23.326 23.279 23.235 23.193 23.102 23.023 22.893 22.790 22.634 22.520 22.331 22.215
0.97 23.188 23.151 23.115 23.081 23.002 22.932 22.814 22.719 22.572 22.463 22.283 22.170
0.98 23.106 23.078 23.049 23.019 22.949 22.884 22.774 22.682 22.541 22.436 22.259 22.148
0.99 23.010 22.995 22.975 22.953 22.893 22.835 22.732 22.646 22.510 22.408 22.235 22.126
1 22.893 22.900 22.893 22.879 22.834 22.784 22.690 22.609 22.479 22.380 22.211 22.105
1.01 22.736 22.785 22.799 22.798 22.770 22.730 22.647 22.571 22.448 22.352 22.188 22.083
1.02 22.495 22.639 22.688 22.706 22.702 22.673 22.602 22.533 22.416 22.325 22.165 22.062
1.03 22.122 22.441 22.552 22.599 22.628 22.614 22.556 22.494 22.385 22.297 22.142 22.042
1.05 21.523 21.915 22.185 22.328 22.457 22.483 22.461 22.415 22.322 22.242 22.097 22.001
1.1 21.012 21.180 21.368 21.557 21.908 22.081 22.191 22.202 22.159 22.104 21.987 21.903
1.15 20.790 20.894 21.007 21.126 21.421 21.649 21.885 21.968 21.992 21.966 21.881 21.810
1.2 20.651 20.727 20.807 20.890 21.106 21.308 21.587 21.727 21.820 21.827 21.777 21.722
1.3 20.478 20.527 20.576 20.628 20.759 20.891 21.127 21.299 21.484 21.554 21.580 21.556
1.4 20.372 20.407 20.442 20.478 20.570 20.663 20.839 20.990 21.194 21.303 21.394 21.402
1.5 20.299 20.326 20.353 20.381 20.450 20.520 20.654 20.777 20.967 21.088 21.223 21.260
1.6 20.247 20.268 20.290 20.312 20.367 20.421 20.528 20.628 20.794 20.913 21.071 21.130
1.7 20.208 20.225 20.243 20.261 20.306 20.350 20.437 20.519 20.662 20.773 20.938 21.013
1.8 20.177 20.192 20.207 20.222 20.259 20.296 20.369 20.438 20.561 20.661 20.824 20.908
1.9 20.153 20.166 20.179 20.191 20.223 20.255 20.316 20.375 20.481 20.570 20.726 20.815
2 20.134 20.145 20.156 20.167 20.194 20.221 20.274 20.325 20.417 20.497 20.644 20.733
2.25 20.099 20.107 20.115 20.123 20.143 20.162 20.200 20.237 20.305 20.366 20.486 20.570
2.5 20.076 20.082 20.088 20.094 20.109 20.124 20.153 20.181 20.233 20.281 20.379 20.453
2.75 20.060 20.065 20.070 20.075 20.087 20.098 20.121 20.143 20.184 20.222 20.303 20.367
3 20.049 20.053 20.057 20.061 20.070 20.080 20.098 20.116 20.150 20.181 20.248 20.303
3.5 20.034 20.037 20.040 20.042 20.049 20.056 20.068 20.081 20.104 20.126 20.175 20.216
4 20.025 20.027 20.029 20.031 20.036 20.041 20.050 20.059 20.077 20.093 20.130 20.162
5 20.015 20.017 20.018 20.019 20.022 20.025 20.031 20.036 20.047 20.057 20.080 20.100

Sdep(1)
TrPr 0.01 0.025 0.05 0.075 0.1 0.25 0.5 0.6 0.7 0.8 0.9 1 1.1
0.3 216.790 216.787 216.783 216.778 216.773 216.744 216.695 216.675 216.656 216.637 216.617 216.598 216.578
0.35 215.408 215.406 215.402 215.399 215.395 215.375 215.341 215.328 215.314 215.301 215.288 215.274 215.261
0.4 213.989 213.987 213.985 213.983 213.980 213.966 213.942 213.932 213.923 213.914 213.904 213.895 213.885
0.45 212.562 212.561 212.559 212.557 212.556 212.545 212.528 212.521 212.514 212.508 212.501 212.494 212.488
0.5 211.201 211.200 211.198 211.197 211.196 211.188 211.176 211.171 211.166 211.161 211.156 211.151 211.146
0.55 20.115 29.950 29.949 29.948 29.947 29.941 29.932 29.928 29.924 29.921 29.917 29.914 29.910
0.6 20.078 20.207 28.828 28.827 28.827 28.822 28.814 28.811 28.808 28.806 28.803 28.800 28.798
0.65 20.055 20.143 20.309 27.833 27.832 27.828 27.822 27.819 27.817 27.815 27.812 27.810 27.808
0.7 20.040 20.102 20.216 20.343 20.491 26.949 26.943 26.941 26.939 26.937 26.935 26.933 26.932
0.75 20.029 20.075 20.156 20.244 20.340 26.172 26.165 26.162 26.160 26.158 26.156 26.155 26.153
0.8 20.022 20.056 20.116 20.179 20.246 20.812 25.471 25.467 25.465 25.462 25.460 25.458 25.456
0.85 20.017 20.043 20.088 20.135 20.183 20.545 24.846 24.841 24.836 24.832 24.829 24.826 24.824
0.9 20.013 20.033 20.068 20.103 20.140 20.392 21.137 24.269 24.258 24.250 24.243 24.238 24.235
0.93 20.011 20.029 20.058 20.089 20.120 20.328 20.834 21.219 23.933 23.914 23.902 23.893 23.888
0.95 20.010 20.026 20.053 20.081 20.109 20.293 20.706 20.961 21.418 23.697 23.672 23.658 23.650
0.97 20.010 20.024 20.048 20.073 20.099 20.263 20.609 20.797 21.055 21.570 23.438 23.406 23.394
0.98 20.009 20.023 20.046 20.070 20.094 20.250 20.569 20.734 20.946 21.270 23.337 23.264 23.248
0.99 20.009 20.022 20.044 20.067 20.090 20.237 20.533 20.680 20.859 21.098 21.556 23.093 23.073
1 20.008 20.021 20.042 20.064 20.086 20.225 20.500 20.632 20.787 20.977 21.242 22.311 22.810
1.01 20.008 20.020 20.040 20.061 20.082 20.214 20.470 20.590 20.726 20.883 21.074 21.306 21.795
1.02 20.008 20.019 20.039 20.058 20.078 20.204 20.443 20.552 20.673 20.807 20.958 21.113 21.015
1.03 20.007 20.018 20.037 20.056 20.075 20.194 20.418 20.518 20.627 20.744 20.868 20.989 21.017
1.05 20.007 20.017 20.034 20.051 20.069 20.177 20.374 20.460 20.549 20.642 20.735 20.820 20.872
1.1 20.005 20.014 20.028 20.041 20.055 20.141 20.289 20.350 20.411 20.470 20.527 20.577 20.617
1.15 20.005 20.011 20.023 20.034 20.045 20.114 20.229 20.275 20.319 20.361 20.401 20.437 20.467
1.2 20.004 20.009 20.019 20.028 20.037 20.094 20.185 20.220 20.254 20.286 20.316 20.343 20.366
1.3 20.003 20.007 20.013 20.020 20.026 20.065 20.125 20.148 20.170 20.190 20.209 20.226 20.241
1.4 20.002 20.005 20.010 20.014 20.019 20.046 20.089 20.104 20.119 20.133 20.146 20.158 20.168
1.5 20.001 20.004 20.007 20.011 20.014 20.034 20.065 20.076 20.087 20.097 20.106 20.115 20.123
1.6 20.001 20.003 20.005 20.008 20.011 20.026 20.049 20.057 20.065 20.073 20.080 20.086 20.092
1.7 20.001 20.002 20.004 20.006 20.008 20.020 20.038 20.044 20.050 20.056 20.061 20.067 20.071
1.8 0.001 20.002 20.003 20.005 20.006 20.016 20.030 20.035 20.040 20.044 20.049 20.053 20.057
1.9 0.001 20.001 20.003 20.004 20.005 20.013 20.024 20.028 20.032 20.036 20.039 20.043 20.046
2 0.000 20.001 20.002 20.003 20.004 20.010 20.019 20.023 20.026 20.029 20.032 20.035 20.038
2.25 0.000 20.001 20.001 20.002 20.003 20.007 20.013 20.015 20.017 20.019 20.021 20.023 20.025
2.5 0.000 0.000 20.001 20.001 20.002 20.005 20.009 20.010 20.012 20.014 20.015 20.017 20.018
2.75 0.000 0.000 20.001 20.001 20.001 20.003 20.007 20.008 20.009 20.010 20.012 20.013 20.014
3 0.000 0.000 20.001 20.001 20.001 20.003 20.005 20.006 20.007 20.008 20.009 20.010 20.011
3.5 0.000 0.000 0.000 20.001 20.001 20.002 20.004 20.004 20.005 20.006 20.007 20.007 20.008
4 0.000 0.000 0.000 0.000 20.001 20.001 20.003 20.003 20.004 20.005 20.005 20.006 20.006
5 0.000 0.000 0.000 0.000 0.000 20.001 20.002 20.002 20.003 20.003 20.004 20.004 20.004
TrPr 1.2 1.3 1.4 1.5 1.75 2 2.5 3 4 5 7.5 10
0.3 216.559 216.540 216.521 216.501 216.453 216.405 216.310 216.214 216.025 215.838 215.377 214.927
0.35 215.248 215.234 215.221 215.208 215.175 215.142 215.077 215.012 214.884 214.757 214.450 214.154
0.4 213.876 213.867 213.858 213.848 213.825 213.803 213.757 213.713 213.626 213.540 213.337 213.144
0.45 212.481 212.475 212.468 212.461 212.445 212.429 212.398 212.367 212.308 212.251 212.119 211.998
0.5 211.142 211.137 211.132 211.128 211.116 211.105 211.083 211.063 211.023 210.986 210.905 210.836
0.55 29.907 29.903 29.900 29.897 29.889 29.881 29.866 29.853 29.828 29.806 29.763 29.732
0.6 28.795 28.793 28.790 28.788 28.783 28.777 28.768 28.759 28.746 28.735 28.721 28.720
0.65 27.807 27.805 27.803 27.801 27.798 27.794 27.789 27.784 27.779 27.778 27.788 27.811
0.7 26.930 26.929 26.928 26.926 26.924 26.922 26.919 26.919 26.921 26.928 26.959 27.002
0.75 26.152 26.151 26.150 26.149 26.147 26.146 26.147 26.149 26.159 26.174 26.224 26.285
0.8 25.455 25.454 25.453 25.452 25.452 25.452 25.455 25.461 25.478 25.501 25.570 25.648
0.85 24.822 24.821 24.820 24.820 24.820 24.822 24.828 24.839 24.866 24.898 24.988 25.083
0.9 24.232 24.231 24.230 24.230 24.232 24.236 24.250 24.267 24.307 24.351 24.465 24.578
0.93 23.885 23.883 23.883 23.883 23.888 23.896 23.917 23.941 23.993 24.046 24.177 24.300
0.95 23.647 23.646 23.646 23.648 23.657 23.669 23.697 23.728 23.790 23.851 23.994 24.125
0.97 23.391 23.392 23.396 23.401 23.418 23.437 23.477 23.517 23.592 23.661 23.818 23.957
0.98 23.247 23.252 23.259 23.268 23.293 23.318 23.366 23.412 23.494 23.569 23.732 23.875
0.99 23.082 23.096 23.111 23.126 23.162 23.195 23.254 23.306 23.397 23.477 23.648 23.795
1 22.868 22.908 22.940 22.967 23.022 23.067 23.140 23.200 23.301 23.387 23.565 23.717
1.01 22.513 22.657 22.732 22.784 22.871 22.933 23.024 23.094 23.206 23.297 23.484 23.640
1.02 21.655 22.246 22.450 22.557 22.703 22.790 22.904 22.986 23.110 23.209 23.405 23.565
1.03 20.927 21.567 22.031 22.259 22.512 22.636 22.781 22.878 23.016 23.121 23.326 23.492
1.05 20.831 20.800 21.073 21.443 22.030 22.283 22.522 22.655 22.827 22.949 23.174 23.348
1.1 20.640 20.639 20.620 20.618 20.857 21.241 21.786 22.067 22.360 22.534 22.814 23.013
1.15 20.489 20.502 20.506 20.502 20.518 20.654 21.100 21.471 21.900 22.138 22.483 22.708
1.2 20.385 20.399 20.408 20.412 20.415 20.447 20.680 20.991 21.473 21.767 22.178 22.430
1.3 20.254 20.265 20.275 20.282 20.292 20.300 20.351 20.481 20.835 21.147 21.646 21.944
1.4 20.178 20.186 20.194 20.200 20.212 20.220 20.240 20.290 20.488 20.730 21.220 21.544
1.5 20.130 20.136 20.142 20.147 20.158 20.166 20.181 20.206 20.315 20.479 20.900 21.222
1.6 20.098 20.103 20.108 20.112 20.121 20.129 20.142 20.159 20.224 20.334 20.671 20.969
1.7 20.076 20.080 20.084 20.087 20.095 20.102 20.114 20.127 20.173 20.248 20.511 20.775
1.8 20.060 20.064 20.067 20.070 20.077 20.083 20.094 20.105 20.140 20.195 20.401 20.628
1.9 20.049 20.052 20.054 20.057 20.063 20.069 20.079 20.089 20.117 20.160 20.323 20.518
2 20.040 20.043 20.045 20.048 20.053 20.058 20.067 20.077 20.101 20.136 20.269 20.434
2.25 20.027 20.029 20.031 20.032 20.036 20.040 20.048 20.056 20.075 20.100 20.187 20.302
2.5 20.020 20.021 20.022 20.024 20.027 20.031 20.037 20.044 20.060 20.080 20.145 20.230
2.75 20.015 20.016 20.017 20.019 20.021 20.024 20.030 20.037 20.050 20.067 20.120 20.187
3 20.012 20.013 20.014 20.015 20.018 20.020 20.026 20.031 20.044 20.058 20.103 20.158
3.5 20.009 20.010 20.010 20.011 20.013 20.015 20.019 20.024 20.034 20.046 20.081 20.122
4 20.007 20.008 20.008 20.009 20.010 20.012 20.016 20.020 20.028 20.038 20.066 20.100
5 20.005 20.005 20.006 20.006 20.007 20.009 20.011 20.014 20.020 20.028 20.048 20.073